entropy: 1.000000
error: 0.500000
